12
66
95
169
239
139
100
79
69
50
40
33
40
39
28
27
29
33
32
28
26
25
23
33
43
54
69
49
36
32
42
54
75
103
147
169
173
173
175
188
209
225
238
251
255
238
220
187
144
106
82
56
40
27
18
12
6
3
2
1
0
0
0
012
66
95
169
239
139
100
79
69
50
40
33
40
39
28
27
29
33
32
28
26
25
23
33
43
54
69
49
36
32
42
54
75
103
147
169
173
173
175
188
209
225
238
251
255
238
220
187
144
106
82
56
40
27
18
12
6
3
2
1
0
0
0
012
66
95
169
239
139
100
79
69
50
40
33
40
39
28
27
29
33
32
28
26
25
23
33
43
54
69
49
36
32
42
54
75
103
147
169
173
173
175
188
209
225
238
251
255
238
220
187
144
106
82
56
40
27
18
12
6
3
2
1
0
0
0
012
66
95
169
239
139
100
79
69
50
40
33
40
39
28
27
29
33
32
28
26
25
23
33
43
54
69
49
36
32
42
54
75
103
147
169
173
173
175
188
209
225
238
251
255
238
220
187
144
106
82
56
40
27
18
12
6
3
2
1
0
0
0
012
66
95
169
239
139
100
79
69
50
40
33
40
39
28
27
29
33
32
28
26
25
23
33
43
54
69
49
36
32
42
54
75
103
147
169
173
173
175
188
209
225
238
251
255
238
220
187
144
106
82
56
40
27
18
12
6
3
2
1
0
0
0
012
66
95
169
239
139
100
79
69
50
40
33
40
39
28
27
29
33
32
28
26
25
23
33
43
54
69
49
36
32
42
54
75
103
147
169
173
173
175
188
209
225
238
251
255
238
220
187
144
106
82
56
40
27
18
12
6
3
2
1
0
0
0
012
66
95
169
239
139
100
79
69
50
40
33
40
39
28
27
29
33
32
28
26
25
23
33
43
54
69
49
36
32
42
54
75
103
147
169
173
173
175
188
209
225
238
251
255
238
220
187
144
106
82
56
40
27
18
12
6
3
2
1
0
0
0
012
66
95
169
239
139
100
79
69
50
40
33
40
39
28
27
29
33
32
28
26
25
23
33
43
54
69
49
36
32
42
54
75
103
147
169
173
173
175
188
209
225
238
251
255
238
220
187
144
106
82
56
40
27
18
12
6
3
2
1
0
0
0
012
66
95
169
239
139
100
79
69
50
40
33
40
39
28
27
29
33
32
28
26
25
23
33
43
54
69
49
36
32
42
54
75
103
147
169
173
173
175
188
209
225
238
251
255
238
220
187
144
106
82
56
40
27
18
12
6
3
2
1
0
0
0
012
66
95
169
239
139
100
79
69
50
40
33
40
39
28
27
29
33
32
28
26
25
23
33
43
54
69
49
36
32
42
54
75
103
147
169
173
173
175
188
209
225
238
251
255
238
220
187
144
106
82
56
40
27
18
12
6
3
2
1
0
0
0
012
66
95
169
239
139
100
79
69
50
40
33
40
39
28
27
29
33
32
28
26
25
23
33
43
54
69
49
36
32
42
54
75
103
147
169
173
173
175
188
209
225
238
251
255
238
220
187
144
106
82
56
40
27
18
12
6
3
2
1
0
0
0
012
66
95
169
239
139
100
79
69
50
40
33
40
39
28
27
29
33
32
28
26
25
23
33
43
54
69
49
36
32
42
54
75
103
147
169
173
173
175
188
209
225
238
251
255
238
220
187
144
106
82
56
40
27
18
12
6
3
2
1
0
0
0
012
66
95
169
239
139
100
79
69
50
40
33
40
39
28
27
29
33
32
28
26
25
23
33
43
54
69
49
36
32
42
54
75
103
147
169
173
173
175
188
209
225
238
251
255
238
220
187
144
106
82
56
40
27
18
12
6
3
2
1
0
0
0
012
66
95
169
239
139
100
79
69
50
40
33
40
39
28
27
29
33
32
28
26
25
23
33
43
54
69
49
36
32
42
54
75
103
147
169
173
173
175
188
209
225
238
251
255
238
220
187
144
106
82
56
40
27
18
12
6
3
2
1
0
0
0
012
66
95
169
239
139
100
79
69
50
40
33
40
39
28
27
29
33
32
28
26
25
23
33
43
54
69
49
36
32
42
54
75
103
147
169
173
173
175
188
209
225
238
251
255
238
220
187
144
106
82
56
40
27
18
12
6
3
2
1
0
0
0
0